image: map0.pgm
resolution: 0.062500
origin: [-51.36452489839346,-48.805400640304505, 0.000000]
negate: 0
occupied_thresh: 0.45
free_thresh: 0.196