image: map181.pgm
resolution: 0.062500
origin: [-77.76725517941821,-44.04591006369133, 0.000000]
negate: 0
occupied_thresh: 0.45
free_thresh: 0.196