image: map184.pgm
resolution: 0.062500
origin: [-78.10011877990404,-44.05259348062921, 0.000000]
negate: 0
occupied_thresh: 0.45
free_thresh: 0.196