image: map171.pgm
resolution: 0.062500
origin: [-62.95161845835171,-46.666682322907874, 0.000000]
negate: 0
occupied_thresh: 0.45
free_thresh: 0.196