image: map106.pgm
resolution: 0.062500
origin: [-52.86142928327922,-48.69500454419293, 0.000000]
negate: 0
occupied_thresh: 0.45
free_thresh: 0.196