image: map148.pgm
resolution: 0.062500
origin: [-78.28024572226866,-43.99032251221257, 0.000000]
negate: 0
occupied_thresh: 0.45
free_thresh: 0.196