image: map142.pgm
resolution: 0.062500
origin: [-77.99465408701565,-44.33740657376487, 0.000000]
negate: 0
occupied_thresh: 0.45
free_thresh: 0.196