image: map18.pgm
resolution: 0.062500
origin: [-78.11259642135238,-44.27519498240946, 0.000000]
negate: 0
occupied_thresh: 0.45
free_thresh: 0.196