image: map114.pgm
resolution: 0.062500
origin: [-65.9641012110662,-46.28365482587566, 0.000000]
negate: 0
occupied_thresh: 0.45
free_thresh: 0.196