image: map115.pgm
resolution: 0.062500
origin: [-77.96649805813234,-44.04045924246793, 0.000000]
negate: 0
occupied_thresh: 0.45
free_thresh: 0.196