image: map199.pgm
resolution: 0.062500
origin: [-78.17852889312854,-44.02718574101427, 0.000000]
negate: 0
occupied_thresh: 0.45
free_thresh: 0.196