image: map16.pgm
resolution: 0.062500
origin: [-77.97365389614602,-44.43581565776078, 0.000000]
negate: 0
occupied_thresh: 0.45
free_thresh: 0.196