image: map13.pgm
resolution: 0.062500
origin: [-77.9950747096551,-43.91333670282946, 0.000000]
negate: 0
occupied_thresh: 0.45
free_thresh: 0.196