image: map125.pgm
resolution: 0.062500
origin: [-77.93196551443914,-44.14822909369162, 0.000000]
negate: 0
occupied_thresh: 0.45
free_thresh: 0.196