image: map183.pgm
resolution: 0.062500
origin: [-78.02131415317584,-44.382653301879124, 0.000000]
negate: 0
occupied_thresh: 0.45
free_thresh: 0.196