image: map177.pgm
resolution: 0.062500
origin: [-77.88294009090525,-44.155359833919306, 0.000000]
negate: 0
occupied_thresh: 0.45
free_thresh: 0.196