image: map19.pgm
resolution: 0.062500
origin: [-52.99438050030333,-48.47997669311579, 0.000000]
negate: 0
occupied_thresh: 0.45
free_thresh: 0.196