image: map103.pgm
resolution: 0.062500
origin: [-78.08661930794531,-44.19779557294012, 0.000000]
negate: 0
occupied_thresh: 0.45
free_thresh: 0.196