image: map189.pgm
resolution: 0.062500
origin: [-78.04434865361344,-44.19128241373276, 0.000000]
negate: 0
occupied_thresh: 0.45
free_thresh: 0.196