image: map168.pgm
resolution: 0.062500
origin: [-78.07756341430114,-44.30289510601074, 0.000000]
negate: 0
occupied_thresh: 0.45
free_thresh: 0.196