image: map120.pgm
resolution: 0.062500
origin: [-55.30519097565754,-48.17364924751371, 0.000000]
negate: 0
occupied_thresh: 0.45
free_thresh: 0.196