image: map153.pgm
resolution: 0.062500
origin: [-77.68236743196854,-44.42132795272868, 0.000000]
negate: 0
occupied_thresh: 0.45
free_thresh: 0.196