image: map113.pgm
resolution: 0.062500
origin: [-78.0203874301663,-44.26847715295525, 0.000000]
negate: 0
occupied_thresh: 0.45
free_thresh: 0.196