image: map130.pgm
resolution: 0.062500
origin: [-78.19042269254629,-43.978376786134916, 0.000000]
negate: 0
occupied_thresh: 0.45
free_thresh: 0.196