image: map101.pgm
resolution: 0.062500
origin: [-54.27353071132902,-48.247590590692226, 0.000000]
negate: 0
occupied_thresh: 0.45
free_thresh: 0.196