image: map102.pgm
resolution: 0.062500
origin: [-77.86648185255854,-43.92074343077518, 0.000000]
negate: 0
occupied_thresh: 0.45
free_thresh: 0.196