image: map132.pgm
resolution: 0.062500
origin: [-78.11676323069548,-43.875319365694075, 0.000000]
negate: 0
occupied_thresh: 0.45
free_thresh: 0.196