image: map134.pgm
resolution: 0.062500
origin: [-78.04939259866663,-44.193405560822725, 0.000000]
negate: 0
occupied_thresh: 0.45
free_thresh: 0.196