image: map150.pgm
resolution: 0.062500
origin: [-78.39764218202674,-44.349836477948216, 0.000000]
negate: 0
occupied_thresh: 0.45
free_thresh: 0.196