image: map117.pgm
resolution: 0.062500
origin: [-77.987274415833,-44.215006538728915, 0.000000]
negate: 0
occupied_thresh: 0.45
free_thresh: 0.196