image: map116.pgm
resolution: 0.062500
origin: [-78.01879214612453,-44.14201112803001, 0.000000]
negate: 0
occupied_thresh: 0.45
free_thresh: 0.196