image: map143.pgm
resolution: 0.062500
origin: [-78.16346568372008,-44.05130916389727, 0.000000]
negate: 0
occupied_thresh: 0.45
free_thresh: 0.196