image: map152.pgm
resolution: 0.062500
origin: [-78.09076490074517,-44.18703555614373, 0.000000]
negate: 0
occupied_thresh: 0.45
free_thresh: 0.196