image: map164.pgm
resolution: 0.062500
origin: [-62.88254610189156,-46.678462349319204, 0.000000]
negate: 0
occupied_thresh: 0.45
free_thresh: 0.196