image: map156.pgm
resolution: 0.062500
origin: [-78.08072001780624,-44.29484643186734, 0.000000]
negate: 0
occupied_thresh: 0.45
free_thresh: 0.196