image: map165.pgm
resolution: 0.062500
origin: [-63.78322372990712,-46.52807494749343, 0.000000]
negate: 0
occupied_thresh: 0.45
free_thresh: 0.196