image: map109.pgm
resolution: 0.062500
origin: [-60.76855107764507,-47.058954993511044, 0.000000]
negate: 0
occupied_thresh: 0.45
free_thresh: 0.196