image: map151.pgm
resolution: 0.062500
origin: [-78.05259113305688,-44.0778714129066, 0.000000]
negate: 0
occupied_thresh: 0.45
free_thresh: 0.196