image: map163.pgm
resolution: 0.062500
origin: [-77.9261382521871,-44.12770285378887, 0.000000]
negate: 0
occupied_thresh: 0.45
free_thresh: 0.196