image: map175.pgm
resolution: 0.062500
origin: [-78.31836125008157,-43.88514856071346, 0.000000]
negate: 0
occupied_thresh: 0.45
free_thresh: 0.196