image: map192.pgm
resolution: 0.062500
origin: [-78.13283267183891,-44.13204634438403, 0.000000]
negate: 0
occupied_thresh: 0.45
free_thresh: 0.196