image: map140.pgm
resolution: 0.062500
origin: [-61.42869828855744,-46.92549528425579, 0.000000]
negate: 0
occupied_thresh: 0.45
free_thresh: 0.196