image: map126.pgm
resolution: 0.062500
origin: [-78.188489998422,-44.18452635169305, 0.000000]
negate: 0
occupied_thresh: 0.45
free_thresh: 0.196