image: map15.pgm
resolution: 0.062500
origin: [-77.85129466631454,-44.029729286311756, 0.000000]
negate: 0
occupied_thresh: 0.45
free_thresh: 0.196