image: map128.pgm
resolution: 0.062500
origin: [-78.0770985343228,-44.28226927624392, 0.000000]
negate: 0
occupied_thresh: 0.45
free_thresh: 0.196