image: map111.pgm
resolution: 0.062500
origin: [-78.03815119506736,-44.40401614262137, 0.000000]
negate: 0
occupied_thresh: 0.45
free_thresh: 0.196