image: map133.pgm
resolution: 0.062500
origin: [-77.93003725876261,-44.1893025363986, 0.000000]
negate: 0
occupied_thresh: 0.45
free_thresh: 0.196