image: map107.pgm
resolution: 0.062500
origin: [-50.531048370784085,-49.241103402144844, 0.000000]
negate: 0
occupied_thresh: 0.45
free_thresh: 0.196