image: map131.pgm
resolution: 0.062500
origin: [-54.556885100010426,-48.20713187823331, 0.000000]
negate: 0
occupied_thresh: 0.45
free_thresh: 0.196