image: map172.pgm
resolution: 0.062500
origin: [-77.88950719152018,-43.97175215110059, 0.000000]
negate: 0
occupied_thresh: 0.45
free_thresh: 0.196