image: map176.pgm
resolution: 0.062500
origin: [-78.13089561770774,-44.016785842271176, 0.000000]
negate: 0
occupied_thresh: 0.45
free_thresh: 0.196