image: map141.pgm
resolution: 0.062500
origin: [-56.19140224837989,-48.011579915631586, 0.000000]
negate: 0
occupied_thresh: 0.45
free_thresh: 0.196