image: map104.pgm
resolution: 0.062500
origin: [-78.17219257735995,-44.30527390768094, 0.000000]
negate: 0
occupied_thresh: 0.45
free_thresh: 0.196