image: map154.pgm
resolution: 0.062500
origin: [-57.61260268885267,-47.7594508925335, 0.000000]
negate: 0
occupied_thresh: 0.45
free_thresh: 0.196