image: map121.pgm
resolution: 0.062500
origin: [-77.53684281836853,-44.20370696245711, 0.000000]
negate: 0
occupied_thresh: 0.45
free_thresh: 0.196