image: map191.pgm
resolution: 0.062500
origin: [-59.22949867443852,-47.35572400146176, 0.000000]
negate: 0
occupied_thresh: 0.45
free_thresh: 0.196