image: map112.pgm
resolution: 0.062500
origin: [-78.21905477216609,-43.93743046555015, 0.000000]
negate: 0
occupied_thresh: 0.45
free_thresh: 0.196