image: map144.pgm
resolution: 0.062500
origin: [-53.19273631536064,-48.491118052668135, 0.000000]
negate: 0
occupied_thresh: 0.45
free_thresh: 0.196