image: map195.pgm
resolution: 0.062500
origin: [-65.63948533695537,-46.297605794499574, 0.000000]
negate: 0
occupied_thresh: 0.45
free_thresh: 0.196