image: map178.pgm
resolution: 0.062500
origin: [-78.05915839610589,-44.311017224568786, 0.000000]
negate: 0
occupied_thresh: 0.45
free_thresh: 0.196