image: map110.pgm
resolution: 0.062500
origin: [-77.76555383352395,-44.41835749139577, 0.000000]
negate: 0
occupied_thresh: 0.45
free_thresh: 0.196