image: map123.pgm
resolution: 0.062500
origin: [-77.86524864993028,-44.17224370710025, 0.000000]
negate: 0
occupied_thresh: 0.45
free_thresh: 0.196