image: map182.pgm
resolution: 0.062500
origin: [-59.12788719476026,-47.43374925404446, 0.000000]
negate: 0
occupied_thresh: 0.45
free_thresh: 0.196