image: map158.pgm
resolution: 0.062500
origin: [-78.15860005907392,-44.420141887945626, 0.000000]
negate: 0
occupied_thresh: 0.45
free_thresh: 0.196