image: map193.pgm
resolution: 0.062500
origin: [-58.04566377777395,-47.60607059287719, 0.000000]
negate: 0
occupied_thresh: 0.45
free_thresh: 0.196