image: map1.pgm
resolution: 0.062500
origin: [-78.09257902902648,-44.168997154855504, 0.000000]
negate: 0
occupied_thresh: 0.45
free_thresh: 0.196