image: map198.pgm
resolution: 0.062500
origin: [-77.83144499710119,-44.204330052680206, 0.000000]
negate: 0
occupied_thresh: 0.45
free_thresh: 0.196