image: map149.pgm
resolution: 0.062500
origin: [-77.85402536359598,-44.06105187810798, 0.000000]
negate: 0
occupied_thresh: 0.45
free_thresh: 0.196