image: map197.pgm
resolution: 0.062500
origin: [-78.14705189498255,-44.39327818729043, 0.000000]
negate: 0
occupied_thresh: 0.45
free_thresh: 0.196