image: map136.pgm
resolution: 0.062500
origin: [-78.25982557357246,-43.89716479251905, 0.000000]
negate: 0
occupied_thresh: 0.45
free_thresh: 0.196