image: map27.pgm
resolution: 0.062500
origin: [-77.9526442611238,-44.016486823643305, 0.000000]
negate: 0
occupied_thresh: 0.45
free_thresh: 0.196