image: map267.pgm
resolution: 0.062500
origin: [-78.05495834066116,-44.12823826488679, 0.000000]
negate: 0
occupied_thresh: 0.45
free_thresh: 0.196