image: map214.pgm
resolution: 0.062500
origin: [-62.7978124905005,-46.755506178445614, 0.000000]
negate: 0
occupied_thresh: 0.45
free_thresh: 0.196