image: map229.pgm
resolution: 0.062500
origin: [-61.426960879109835,-46.85973101131751, 0.000000]
negate: 0
occupied_thresh: 0.45
free_thresh: 0.196