image: map276.pgm
resolution: 0.062500
origin: [-78.04622608315124,-44.05429653836982, 0.000000]
negate: 0
occupied_thresh: 0.45
free_thresh: 0.196