image: map282.pgm
resolution: 0.062500
origin: [-78.14075501182987,-44.282679246421964, 0.000000]
negate: 0
occupied_thresh: 0.45
free_thresh: 0.196