image: map23.pgm
resolution: 0.062500
origin: [-78.04411876044486,-44.07867989746111, 0.000000]
negate: 0
occupied_thresh: 0.45
free_thresh: 0.196