image: map25.pgm
resolution: 0.062500
origin: [-49.52746090274579,-49.121854917373156, 0.000000]
negate: 0
occupied_thresh: 0.45
free_thresh: 0.196