image: map255.pgm
resolution: 0.062500
origin: [-78.14116428138432,-44.40024236039882, 0.000000]
negate: 0
occupied_thresh: 0.45
free_thresh: 0.196