image: map246.pgm
resolution: 0.062500
origin: [-61.16886443826143,-46.961611190984414, 0.000000]
negate: 0
occupied_thresh: 0.45
free_thresh: 0.196