image: map265.pgm
resolution: 0.062500
origin: [-78.19444875622824,-44.280615937633875, 0.000000]
negate: 0
occupied_thresh: 0.45
free_thresh: 0.196