image: map223.pgm
resolution: 0.062500
origin: [-54.66663674977231,-48.2231529632521, 0.000000]
negate: 0
occupied_thresh: 0.45
free_thresh: 0.196