image: map295.pgm
resolution: 0.062500
origin: [-78.04907659433375,-44.2590753111154, 0.000000]
negate: 0
occupied_thresh: 0.45
free_thresh: 0.196