image: map218.pgm
resolution: 0.062500
origin: [-78.0522193554519,-44.276710772875106, 0.000000]
negate: 0
occupied_thresh: 0.45
free_thresh: 0.196