image: map254.pgm
resolution: 0.062500
origin: [-77.74874680141374,-44.08438361767837, 0.000000]
negate: 0
occupied_thresh: 0.45
free_thresh: 0.196