image: map249.pgm
resolution: 0.062500
origin: [-77.61544994769056,-44.20456665478238, 0.000000]
negate: 0
occupied_thresh: 0.45
free_thresh: 0.196