image: map269.pgm
resolution: 0.062500
origin: [-77.98593460429784,-44.34692621856835, 0.000000]
negate: 0
occupied_thresh: 0.45
free_thresh: 0.196