image: map208.pgm
resolution: 0.062500
origin: [-78.04768165821304,-44.10312216256631, 0.000000]
negate: 0
occupied_thresh: 0.45
free_thresh: 0.196