image: map261.pgm
resolution: 0.062500
origin: [-77.8847638683705,-44.30670551912295, 0.000000]
negate: 0
occupied_thresh: 0.45
free_thresh: 0.196