image: map273.pgm
resolution: 0.062500
origin: [-78.001618116885,-44.439136489398095, 0.000000]
negate: 0
occupied_thresh: 0.45
free_thresh: 0.196