image: map248.pgm
resolution: 0.062500
origin: [-78.06452021748613,-44.2127718134647, 0.000000]
negate: 0
occupied_thresh: 0.45
free_thresh: 0.196