image: map281.pgm
resolution: 0.062500
origin: [-54.701997698096704,-48.23776104735804, 0.000000]
negate: 0
occupied_thresh: 0.45
free_thresh: 0.196