image: map299.pgm
resolution: 0.062500
origin: [-77.8968532712833,-44.21303281570109, 0.000000]
negate: 0
occupied_thresh: 0.45
free_thresh: 0.196