image: map264.pgm
resolution: 0.062500
origin: [-77.91737121356185,-44.03759135942978, 0.000000]
negate: 0
occupied_thresh: 0.45
free_thresh: 0.196