image: map216.pgm
resolution: 0.062500
origin: [-78.20868209625276,-43.91527697317346, 0.000000]
negate: 0
occupied_thresh: 0.45
free_thresh: 0.196