image: map252.pgm
resolution: 0.062500
origin: [-78.20517762871398,-44.33894903540379, 0.000000]
negate: 0
occupied_thresh: 0.45
free_thresh: 0.196