image: map233.pgm
resolution: 0.062500
origin: [-60.659471933068005,-47.187629607605054, 0.000000]
negate: 0
occupied_thresh: 0.45
free_thresh: 0.196