image: map28.pgm
resolution: 0.062500
origin: [-55.31257573398173,-48.15883666404833, 0.000000]
negate: 0
occupied_thresh: 0.45
free_thresh: 0.196