image: map251.pgm
resolution: 0.062500
origin: [-78.03936195423324,-44.082548198759255, 0.000000]
negate: 0
occupied_thresh: 0.45
free_thresh: 0.196