image: map291.pgm
resolution: 0.062500
origin: [-78.0808843861987,-44.112811895033616, 0.000000]
negate: 0
occupied_thresh: 0.45
free_thresh: 0.196