image: map203.pgm
resolution: 0.062500
origin: [-78.02262498741264,-44.45239334932453, 0.000000]
negate: 0
occupied_thresh: 0.45
free_thresh: 0.196