image: map266.pgm
resolution: 0.062500
origin: [-78.00621696204908,-44.39086626694606, 0.000000]
negate: 0
occupied_thresh: 0.45
free_thresh: 0.196