image: map26.pgm
resolution: 0.062500
origin: [-53.82724806199303,-48.37953498385583, 0.000000]
negate: 0
occupied_thresh: 0.45
free_thresh: 0.196