image: map29.pgm
resolution: 0.062500
origin: [-64.59003413138437,-46.42728451322526, 0.000000]
negate: 0
occupied_thresh: 0.45
free_thresh: 0.196