image: map258.pgm
resolution: 0.062500
origin: [-77.7721939430121,-44.02136679724714, 0.000000]
negate: 0
occupied_thresh: 0.45
free_thresh: 0.196