image: map280.pgm
resolution: 0.062500
origin: [-77.65687501071619,-44.07325385172907, 0.000000]
negate: 0
occupied_thresh: 0.45
free_thresh: 0.196