image: map275.pgm
resolution: 0.062500
origin: [-77.47532312549431,-44.43215209037823, 0.000000]
negate: 0
occupied_thresh: 0.45
free_thresh: 0.196