image: map297.pgm
resolution: 0.062500
origin: [-77.7995322658703,-44.461618800263636, 0.000000]
negate: 0
occupied_thresh: 0.45
free_thresh: 0.196