image: map200.pgm
resolution: 0.062500
origin: [-78.25348428839,-43.933117736925354, 0.000000]
negate: 0
occupied_thresh: 0.45
free_thresh: 0.196