image: map24.pgm
resolution: 0.062500
origin: [-58.34146801575919,-47.47505364086766, 0.000000]
negate: 0
occupied_thresh: 0.45
free_thresh: 0.196