image: map230.pgm
resolution: 0.062500
origin: [-78.05973032328353,-44.046415983686614, 0.000000]
negate: 0
occupied_thresh: 0.45
free_thresh: 0.196