image: map201.pgm
resolution: 0.062500
origin: [-78.20413706901667,-44.32394327743117, 0.000000]
negate: 0
occupied_thresh: 0.45
free_thresh: 0.196