image: map205.pgm
resolution: 0.062500
origin: [-78.25870292003638,-44.18072579244732, 0.000000]
negate: 0
occupied_thresh: 0.45
free_thresh: 0.196