image: map225.pgm
resolution: 0.062500
origin: [-60.416088785949206,-47.112882939236805, 0.000000]
negate: 0
occupied_thresh: 0.45
free_thresh: 0.196