image: map231.pgm
resolution: 0.062500
origin: [-51.75225848756641,-48.70769155097656, 0.000000]
negate: 0
occupied_thresh: 0.45
free_thresh: 0.196