image: map243.pgm
resolution: 0.062500
origin: [-78.0928878809562,-43.98869182723479, 0.000000]
negate: 0
occupied_thresh: 0.45
free_thresh: 0.196