image: map294.pgm
resolution: 0.062500
origin: [-58.960036634487544,-47.351168301763146, 0.000000]
negate: 0
occupied_thresh: 0.45
free_thresh: 0.196