image: map298.pgm
resolution: 0.062500
origin: [-78.01725169951631,-44.29719339324596, 0.000000]
negate: 0
occupied_thresh: 0.45
free_thresh: 0.196