image: map259.pgm
resolution: 0.062500
origin: [-55.87406389063611,-48.03701122538942, 0.000000]
negate: 0
occupied_thresh: 0.45
free_thresh: 0.196