image: map240.pgm
resolution: 0.062500
origin: [-78.04469522710048,-43.955013323277235, 0.000000]
negate: 0
occupied_thresh: 0.45
free_thresh: 0.196