image: map277.pgm
resolution: 0.062500
origin: [-77.35114003214058,-44.416370386260866, 0.000000]
negate: 0
occupied_thresh: 0.45
free_thresh: 0.196