image: map234.pgm
resolution: 0.062500
origin: [-53.80947732287034,-48.269135259999764, 0.000000]
negate: 0
occupied_thresh: 0.45
free_thresh: 0.196