image: map293.pgm
resolution: 0.062500
origin: [-78.20860976692069,-44.24900417859686, 0.000000]
negate: 0
occupied_thresh: 0.45
free_thresh: 0.196