image: map232.pgm
resolution: 0.062500
origin: [-77.99736231989485,-44.0879346988238, 0.000000]
negate: 0
occupied_thresh: 0.45
free_thresh: 0.196