image: map257.pgm
resolution: 0.062500
origin: [-77.94119179187948,-44.27697962970405, 0.000000]
negate: 0
occupied_thresh: 0.45
free_thresh: 0.196