image: map20.pgm
resolution: 0.062500
origin: [-78.12297603005626,-43.96214591487995, 0.000000]
negate: 0
occupied_thresh: 0.45
free_thresh: 0.196