image: map250.pgm
resolution: 0.062500
origin: [-78.12820038646205,-44.08932003112537, 0.000000]
negate: 0
occupied_thresh: 0.45
free_thresh: 0.196