image: map263.pgm
resolution: 0.062500
origin: [-77.79046294160798,-43.9426855590018, 0.000000]
negate: 0
occupied_thresh: 0.45
free_thresh: 0.196