image: map253.pgm
resolution: 0.062500
origin: [-63.38684471397264,-46.43236830185673, 0.000000]
negate: 0
occupied_thresh: 0.45
free_thresh: 0.196