image: map260.pgm
resolution: 0.062500
origin: [-77.99160646461064,-44.03207906211327, 0.000000]
negate: 0
occupied_thresh: 0.45
free_thresh: 0.196