image: map287.pgm
resolution: 0.062500
origin: [-78.2293564964341,-44.17676143321398, 0.000000]
negate: 0
occupied_thresh: 0.45
free_thresh: 0.196