image: map244.pgm
resolution: 0.062500
origin: [-78.09850779484519,-44.226687529556834, 0.000000]
negate: 0
occupied_thresh: 0.45
free_thresh: 0.196