image: map206.pgm
resolution: 0.062500
origin: [-78.03216255060633,-44.0288869087885, 0.000000]
negate: 0
occupied_thresh: 0.45
free_thresh: 0.196