image: map262.pgm
resolution: 0.062500
origin: [-78.23784982677915,-43.79942764614231, 0.000000]
negate: 0
occupied_thresh: 0.45
free_thresh: 0.196