image: map286.pgm
resolution: 0.062500
origin: [-78.31123961667218,-43.99891296128145, 0.000000]
negate: 0
occupied_thresh: 0.45
free_thresh: 0.196