image: map212.pgm
resolution: 0.062500
origin: [-59.9296350357227,-47.14475650525557, 0.000000]
negate: 0
occupied_thresh: 0.45
free_thresh: 0.196