image: map2.pgm
resolution: 0.062500
origin: [-78.07300523156823,-44.131621612113776, 0.000000]
negate: 0
occupied_thresh: 0.45
free_thresh: 0.196