image: map204.pgm
resolution: 0.062500
origin: [-57.246689177715304,-47.76238633387939, 0.000000]
negate: 0
occupied_thresh: 0.45
free_thresh: 0.196