image: map285.pgm
resolution: 0.062500
origin: [-78.02035827522249,-44.043710899978976, 0.000000]
negate: 0
occupied_thresh: 0.45
free_thresh: 0.196