image: map247.pgm
resolution: 0.062500
origin: [-78.09110925169591,-44.19138365423663, 0.000000]
negate: 0
occupied_thresh: 0.45
free_thresh: 0.196