image: map279.pgm
resolution: 0.062500
origin: [-77.68058444770833,-44.099813470611565, 0.000000]
negate: 0
occupied_thresh: 0.45
free_thresh: 0.196