image: map220.pgm
resolution: 0.062500
origin: [-78.03524464566459,-44.09371469013664, 0.000000]
negate: 0
occupied_thresh: 0.45
free_thresh: 0.196