image: map296.pgm
resolution: 0.062500
origin: [-78.06229844305955,-44.4433194398218, 0.000000]
negate: 0
occupied_thresh: 0.45
free_thresh: 0.196