image: map362.pgm
resolution: 0.062500
origin: [-77.74192092949848,-43.96066005923976, 0.000000]
negate: 0
occupied_thresh: 0.45
free_thresh: 0.196