image: map334.pgm
resolution: 0.062500
origin: [-78.07409989317094,-44.30548354820405, 0.000000]
negate: 0
occupied_thresh: 0.45
free_thresh: 0.196