image: map315.pgm
resolution: 0.062500
origin: [-78.15200385412949,-44.24474603369144, 0.000000]
negate: 0
occupied_thresh: 0.45
free_thresh: 0.196