image: map338.pgm
resolution: 0.062500
origin: [-78.17002189581788,-43.910017320390224, 0.000000]
negate: 0
occupied_thresh: 0.45
free_thresh: 0.196