image: map37.pgm
resolution: 0.062500
origin: [-78.1479157853763,-43.958119503616636, 0.000000]
negate: 0
occupied_thresh: 0.45
free_thresh: 0.196