image: map346.pgm
resolution: 0.062500
origin: [-78.1115229222499,-44.011701756264564, 0.000000]
negate: 0
occupied_thresh: 0.45
free_thresh: 0.196