image: map31.pgm
resolution: 0.062500
origin: [-60.76150716524999,-47.18002253427619, 0.000000]
negate: 0
occupied_thresh: 0.45
free_thresh: 0.196