image: map349.pgm
resolution: 0.062500
origin: [-78.00290464852654,-44.141057694111595, 0.000000]
negate: 0
occupied_thresh: 0.45
free_thresh: 0.196