image: map357.pgm
resolution: 0.062500
origin: [-78.1812219284903,-44.0898705904605, 0.000000]
negate: 0
occupied_thresh: 0.45
free_thresh: 0.196