image: map318.pgm
resolution: 0.062500
origin: [-56.15444422376452,-47.905764540898716, 0.000000]
negate: 0
occupied_thresh: 0.45
free_thresh: 0.196