image: map383.pgm
resolution: 0.062500
origin: [-60.522362177113784,-47.09544241466955, 0.000000]
negate: 0
occupied_thresh: 0.45
free_thresh: 0.196