image: map311.pgm
resolution: 0.062500
origin: [-77.80767321617991,-44.35656225475685, 0.000000]
negate: 0
occupied_thresh: 0.45
free_thresh: 0.196