image: map373.pgm
resolution: 0.062500
origin: [-52.45183094110595,-48.70272731235532, 0.000000]
negate: 0
occupied_thresh: 0.45
free_thresh: 0.196