image: map356.pgm
resolution: 0.062500
origin: [-78.16670037492548,-43.97337796890433, 0.000000]
negate: 0
occupied_thresh: 0.45
free_thresh: 0.196