image: map381.pgm
resolution: 0.062500
origin: [-75.67946702059001,-44.775664106554146, 0.000000]
negate: 0
occupied_thresh: 0.45
free_thresh: 0.196