image: map355.pgm
resolution: 0.062500
origin: [-78.17417623709986,-43.98905232966521, 0.000000]
negate: 0
occupied_thresh: 0.45
free_thresh: 0.196