image: map344.pgm
resolution: 0.062500
origin: [-78.14333202216001,-44.09873418759951, 0.000000]
negate: 0
occupied_thresh: 0.45
free_thresh: 0.196