image: map385.pgm
resolution: 0.062500
origin: [-78.28273049304455,-44.13258606618232, 0.000000]
negate: 0
occupied_thresh: 0.45
free_thresh: 0.196