image: map370.pgm
resolution: 0.062500
origin: [-78.02587440305614,-44.38041588625429, 0.000000]
negate: 0
occupied_thresh: 0.45
free_thresh: 0.196