image: map304.pgm
resolution: 0.062500
origin: [-53.02748145952057,-48.53077667956685, 0.000000]
negate: 0
occupied_thresh: 0.45
free_thresh: 0.196