image: map306.pgm
resolution: 0.062500
origin: [-64.11044503562867,-46.59806712034159, 0.000000]
negate: 0
occupied_thresh: 0.45
free_thresh: 0.196