image: map332.pgm
resolution: 0.062500
origin: [-77.92384356281224,-43.955925700674655, 0.000000]
negate: 0
occupied_thresh: 0.45
free_thresh: 0.196