image: map300.pgm
resolution: 0.062500
origin: [-78.1976688147212,-44.13202743663264, 0.000000]
negate: 0
occupied_thresh: 0.45
free_thresh: 0.196