image: map336.pgm
resolution: 0.062500
origin: [-77.85362009926962,-43.92164340043617, 0.000000]
negate: 0
occupied_thresh: 0.45
free_thresh: 0.196