image: map325.pgm
resolution: 0.062500
origin: [-78.0571158162331,-44.25938583579729, 0.000000]
negate: 0
occupied_thresh: 0.45
free_thresh: 0.196