image: map324.pgm
resolution: 0.062500
origin: [-78.0124960563838,-44.152596188191815, 0.000000]
negate: 0
occupied_thresh: 0.45
free_thresh: 0.196