image: map364.pgm
resolution: 0.062500
origin: [-78.23709346011825,-44.20538288345301, 0.000000]
negate: 0
occupied_thresh: 0.45
free_thresh: 0.196