image: map308.pgm
resolution: 0.062500
origin: [-49.899707639606305,-49.076045058975915, 0.000000]
negate: 0
occupied_thresh: 0.45
free_thresh: 0.196