image: map312.pgm
resolution: 0.062500
origin: [-77.98004691064624,-44.422056669357154, 0.000000]
negate: 0
occupied_thresh: 0.45
free_thresh: 0.196