image: map319.pgm
resolution: 0.062500
origin: [-78.18254949862248,-44.21523762687239, 0.000000]
negate: 0
occupied_thresh: 0.45
free_thresh: 0.196