image: map302.pgm
resolution: 0.062500
origin: [-78.10620179584615,-44.290303054286646, 0.000000]
negate: 0
occupied_thresh: 0.45
free_thresh: 0.196