image: map388.pgm
resolution: 0.062500
origin: [-78.13565099356737,-44.10751712201052, 0.000000]
negate: 0
occupied_thresh: 0.45
free_thresh: 0.196