image: map39.pgm
resolution: 0.062500
origin: [-78.14037424472576,-44.00015718437847, 0.000000]
negate: 0
occupied_thresh: 0.45
free_thresh: 0.196