image: map328.pgm
resolution: 0.062500
origin: [-78.23092699847899,-44.06776118734311, 0.000000]
negate: 0
occupied_thresh: 0.45
free_thresh: 0.196