image: map358.pgm
resolution: 0.062500
origin: [-77.55123047783029,-44.28276761601418, 0.000000]
negate: 0
occupied_thresh: 0.45
free_thresh: 0.196