image: map399.pgm
resolution: 0.062500
origin: [-78.27893497230083,-44.07743226446098, 0.000000]
negate: 0
occupied_thresh: 0.45
free_thresh: 0.196