image: map316.pgm
resolution: 0.062500
origin: [-78.009506061622,-44.33570200094827, 0.000000]
negate: 0
occupied_thresh: 0.45
free_thresh: 0.196