image: map326.pgm
resolution: 0.062500
origin: [-78.2172590118791,-44.24218874976262, 0.000000]
negate: 0
occupied_thresh: 0.45
free_thresh: 0.196