image: map34.pgm
resolution: 0.062500
origin: [-78.146059542374,-44.06615854510413, 0.000000]
negate: 0
occupied_thresh: 0.45
free_thresh: 0.196