image: map38.pgm
resolution: 0.062500
origin: [-64.6251968385556,-46.42062686080091, 0.000000]
negate: 0
occupied_thresh: 0.45
free_thresh: 0.196