image: map387.pgm
resolution: 0.062500
origin: [-78.15255022700859,-44.287646709375444, 0.000000]
negate: 0
occupied_thresh: 0.45
free_thresh: 0.196