image: map317.pgm
resolution: 0.062500
origin: [-77.78396293720397,-44.234376124066834, 0.000000]
negate: 0
occupied_thresh: 0.45
free_thresh: 0.196