image: map309.pgm
resolution: 0.062500
origin: [-49.46983238270176,-49.36618047413988, 0.000000]
negate: 0
occupied_thresh: 0.45
free_thresh: 0.196