image: map396.pgm
resolution: 0.062500
origin: [-77.85434978576293,-44.11456388800503, 0.000000]
negate: 0
occupied_thresh: 0.45
free_thresh: 0.196