image: map3.pgm
resolution: 0.062500
origin: [-78.18701195636557,-44.214124698507135, 0.000000]
negate: 0
occupied_thresh: 0.45
free_thresh: 0.196