image: map386.pgm
resolution: 0.062500
origin: [-78.13304842532928,-44.040453343121854, 0.000000]
negate: 0
occupied_thresh: 0.45
free_thresh: 0.196