image: map339.pgm
resolution: 0.062500
origin: [-78.0342931797614,-44.30703456764414, 0.000000]
negate: 0
occupied_thresh: 0.45
free_thresh: 0.196