image: map348.pgm
resolution: 0.062500
origin: [-78.26270359409313,-44.08027900981679, 0.000000]
negate: 0
occupied_thresh: 0.45
free_thresh: 0.196