image: map368.pgm
resolution: 0.062500
origin: [-64.75695365177901,-46.28573472106438, 0.000000]
negate: 0
occupied_thresh: 0.45
free_thresh: 0.196