image: map352.pgm
resolution: 0.062500
origin: [-77.81726931692157,-44.194599006003656, 0.000000]
negate: 0
occupied_thresh: 0.45
free_thresh: 0.196