image: map343.pgm
resolution: 0.062500
origin: [-78.09220637882109,-44.21522370715735, 0.000000]
negate: 0
occupied_thresh: 0.45
free_thresh: 0.196