image: map33.pgm
resolution: 0.062500
origin: [-65.21171996828252,-46.19732850300073, 0.000000]
negate: 0
occupied_thresh: 0.45
free_thresh: 0.196