image: map347.pgm
resolution: 0.062500
origin: [-57.91851938146468,-47.64545743492968, 0.000000]
negate: 0
occupied_thresh: 0.45
free_thresh: 0.196