image: map322.pgm
resolution: 0.062500
origin: [-78.2235366190625,-44.2153017844606, 0.000000]
negate: 0
occupied_thresh: 0.45
free_thresh: 0.196