image: map371.pgm
resolution: 0.062500
origin: [-77.93376071869808,-44.10531149614201, 0.000000]
negate: 0
occupied_thresh: 0.45
free_thresh: 0.196