image: map351.pgm
resolution: 0.062500
origin: [-78.29464764781666,-43.941194582916054, 0.000000]
negate: 0
occupied_thresh: 0.45
free_thresh: 0.196