image: map30.pgm
resolution: 0.062500
origin: [-77.85639546201543,-44.40006071661251, 0.000000]
negate: 0
occupied_thresh: 0.45
free_thresh: 0.196