image: map335.pgm
resolution: 0.062500
origin: [-78.29605903490767,-43.948885673017834, 0.000000]
negate: 0
occupied_thresh: 0.45
free_thresh: 0.196