image: map361.pgm
resolution: 0.062500
origin: [-78.07067226434067,-44.185628167873425, 0.000000]
negate: 0
occupied_thresh: 0.45
free_thresh: 0.196