image: map305.pgm
resolution: 0.062500
origin: [-62.86355312385874,-46.69723037460718, 0.000000]
negate: 0
occupied_thresh: 0.45
free_thresh: 0.196