image: map340.pgm
resolution: 0.062500
origin: [-78.21282779447148,-44.05958041617588, 0.000000]
negate: 0
occupied_thresh: 0.45
free_thresh: 0.196