image: map377.pgm
resolution: 0.062500
origin: [-78.19516015425478,-44.337215955289246, 0.000000]
negate: 0
occupied_thresh: 0.45
free_thresh: 0.196