image: map367.pgm
resolution: 0.062500
origin: [-78.14643244732561,-43.94699035956809, 0.000000]
negate: 0
occupied_thresh: 0.45
free_thresh: 0.196