image: map36.pgm
resolution: 0.062500
origin: [-77.93602189764881,-44.1870364669059, 0.000000]
negate: 0
occupied_thresh: 0.45
free_thresh: 0.196