image: map384.pgm
resolution: 0.062500
origin: [-53.18535664138651,-48.43674445623141, 0.000000]
negate: 0
occupied_thresh: 0.45
free_thresh: 0.196