image: map323.pgm
resolution: 0.062500
origin: [-61.06459604309168,-47.13295636320945, 0.000000]
negate: 0
occupied_thresh: 0.45
free_thresh: 0.196