image: map359.pgm
resolution: 0.062500
origin: [-78.14968375608547,-44.264382489354986, 0.000000]
negate: 0
occupied_thresh: 0.45
free_thresh: 0.196