image: map333.pgm
resolution: 0.062500
origin: [-77.74354641853364,-44.1324643568977, 0.000000]
negate: 0
occupied_thresh: 0.45
free_thresh: 0.196