image: map341.pgm
resolution: 0.062500
origin: [-78.11298295130165,-44.2315271539554, 0.000000]
negate: 0
occupied_thresh: 0.45
free_thresh: 0.196