image: map354.pgm
resolution: 0.062500
origin: [-77.97661907127508,-44.07688631082888, 0.000000]
negate: 0
occupied_thresh: 0.45
free_thresh: 0.196