image: map353.pgm
resolution: 0.062500
origin: [-63.74551527323713,-46.44273319575619, 0.000000]
negate: 0
occupied_thresh: 0.45
free_thresh: 0.196