image: map391.pgm
resolution: 0.062500
origin: [-77.89965863646407,-44.1791096288285, 0.000000]
negate: 0
occupied_thresh: 0.45
free_thresh: 0.196