image: map307.pgm
resolution: 0.062500
origin: [-61.846049965667135,-46.79777503089301, 0.000000]
negate: 0
occupied_thresh: 0.45
free_thresh: 0.196