image: map360.pgm
resolution: 0.062500
origin: [-77.9148685032453,-44.26546572822545, 0.000000]
negate: 0
occupied_thresh: 0.45
free_thresh: 0.196