image: map310.pgm
resolution: 0.062500
origin: [-62.664485278341466,-46.651127643216, 0.000000]
negate: 0
occupied_thresh: 0.45
free_thresh: 0.196