image: map320.pgm
resolution: 0.062500
origin: [-77.85326161873441,-44.18291973715868, 0.000000]
negate: 0
occupied_thresh: 0.45
free_thresh: 0.196