image: map380.pgm
resolution: 0.062500
origin: [-78.26422186131522,-44.10482613436094, 0.000000]
negate: 0
occupied_thresh: 0.45
free_thresh: 0.196