image: map301.pgm
resolution: 0.062500
origin: [-78.10880844726097,-44.02128931530325, 0.000000]
negate: 0
occupied_thresh: 0.45
free_thresh: 0.196