image: map345.pgm
resolution: 0.062500
origin: [-78.12616557381824,-44.06008755204646, 0.000000]
negate: 0
occupied_thresh: 0.45
free_thresh: 0.196