image: map35.pgm
resolution: 0.062500
origin: [-77.95351613201508,-43.99897773187507, 0.000000]
negate: 0
occupied_thresh: 0.45
free_thresh: 0.196