image: map395.pgm
resolution: 0.062500
origin: [-55.566120192387466,-48.02876146508848, 0.000000]
negate: 0
occupied_thresh: 0.45
free_thresh: 0.196