image: map378.pgm
resolution: 0.062500
origin: [-78.06676819952852,-44.02135335074597, 0.000000]
negate: 0
occupied_thresh: 0.45
free_thresh: 0.196