image: map321.pgm
resolution: 0.062500
origin: [-78.19115670321722,-44.154048549467184, 0.000000]
negate: 0
occupied_thresh: 0.45
free_thresh: 0.196