image: map401.pgm
resolution: 0.062500
origin: [-77.79879031579108,-43.94009400414481, 0.000000]
negate: 0
occupied_thresh: 0.45
free_thresh: 0.196