image: map432.pgm
resolution: 0.062500
origin: [-77.96900377693412,-43.90387602412378, 0.000000]
negate: 0
occupied_thresh: 0.45
free_thresh: 0.196