image: map420.pgm
resolution: 0.062500
origin: [-77.8868682178513,-44.079060925323475, 0.000000]
negate: 0
occupied_thresh: 0.45
free_thresh: 0.196