image: map42.pgm
resolution: 0.062500
origin: [-58.31258288090604,-47.473950569316955, 0.000000]
negate: 0
occupied_thresh: 0.45
free_thresh: 0.196