image: map442.pgm
resolution: 0.062500
origin: [-78.11404919662101,-44.048500995887586, 0.000000]
negate: 0
occupied_thresh: 0.45
free_thresh: 0.196