image: map421.pgm
resolution: 0.062500
origin: [-78.08969066950061,-44.18869949399731, 0.000000]
negate: 0
occupied_thresh: 0.45
free_thresh: 0.196