image: map433.pgm
resolution: 0.062500
origin: [-61.541627841066685,-46.85099757685814, 0.000000]
negate: 0
occupied_thresh: 0.45
free_thresh: 0.196