image: map449.pgm
resolution: 0.062500
origin: [-78.09874667526425,-44.060780457459934, 0.000000]
negate: 0
occupied_thresh: 0.45
free_thresh: 0.196