image: map408.pgm
resolution: 0.062500
origin: [-53.775130928966036,-48.8410781442746, 0.000000]
negate: 0
occupied_thresh: 0.45
free_thresh: 0.196