image: map447.pgm
resolution: 0.062500
origin: [-78.20614310737443,-43.98929326395265, 0.000000]
negate: 0
occupied_thresh: 0.45
free_thresh: 0.196