image: map436.pgm
resolution: 0.062500
origin: [-78.21080737657707,-44.28247331559628, 0.000000]
negate: 0
occupied_thresh: 0.45
free_thresh: 0.196