image: map439.pgm
resolution: 0.062500
origin: [-55.60488949804662,-48.03414553252001, 0.000000]
negate: 0
occupied_thresh: 0.45
free_thresh: 0.196