image: map422.pgm
resolution: 0.062500
origin: [-63.217000982215495,-46.584291138144664, 0.000000]
negate: 0
occupied_thresh: 0.45
free_thresh: 0.196