image: map431.pgm
resolution: 0.062500
origin: [-78.20049700836007,-44.390562099198974, 0.000000]
negate: 0
occupied_thresh: 0.45
free_thresh: 0.196