image: map438.pgm
resolution: 0.062500
origin: [-60.2945252784007,-47.11934143897732, 0.000000]
negate: 0
occupied_thresh: 0.45
free_thresh: 0.196