image: map437.pgm
resolution: 0.062500
origin: [-62.41884783071828,-46.81020573819715, 0.000000]
negate: 0
occupied_thresh: 0.45
free_thresh: 0.196