image: map443.pgm
resolution: 0.062500
origin: [-57.67408548042131,-47.7293391204488, 0.000000]
negate: 0
occupied_thresh: 0.45
free_thresh: 0.196