image: map403.pgm
resolution: 0.062500
origin: [-78.11775075332069,-44.215423112007684, 0.000000]
negate: 0
occupied_thresh: 0.45
free_thresh: 0.196