image: map429.pgm
resolution: 0.062500
origin: [-78.01836964506595,-44.15017410199514, 0.000000]
negate: 0
occupied_thresh: 0.45
free_thresh: 0.196