image: map44.pgm
resolution: 0.062500
origin: [-78.1094174058727,-44.12650590824961, 0.000000]
negate: 0
occupied_thresh: 0.45
free_thresh: 0.196