image: map41.pgm
resolution: 0.062500
origin: [-77.4093616299764,-44.48104440946238, 0.000000]
negate: 0
occupied_thresh: 0.45
free_thresh: 0.196