image: map407.pgm
resolution: 0.062500
origin: [-78.12745885484341,-44.37663979842917, 0.000000]
negate: 0
occupied_thresh: 0.45
free_thresh: 0.196