image: map409.pgm
resolution: 0.062500
origin: [-57.91082420884634,-47.64521758367595, 0.000000]
negate: 0
occupied_thresh: 0.45
free_thresh: 0.196