image: map402.pgm
resolution: 0.062500
origin: [-77.95084761654905,-44.039411383104984, 0.000000]
negate: 0
occupied_thresh: 0.45
free_thresh: 0.196