image: map45.pgm
resolution: 0.062500
origin: [-77.9280838462531,-44.332250629263505, 0.000000]
negate: 0
occupied_thresh: 0.45
free_thresh: 0.196