image: map446.pgm
resolution: 0.062500
origin: [-58.88443923079193,-47.46395113484828, 0.000000]
negate: 0
occupied_thresh: 0.45
free_thresh: 0.196