image: map434.pgm
resolution: 0.062500
origin: [-77.8809074132248,-43.96069343910312, 0.000000]
negate: 0
occupied_thresh: 0.45
free_thresh: 0.196