image: map419.pgm
resolution: 0.062500
origin: [-77.79119813850104,-44.300016122844205, 0.000000]
negate: 0
occupied_thresh: 0.45
free_thresh: 0.196