image: map404.pgm
resolution: 0.062500
origin: [-55.497296709930495,-48.02164538734704, 0.000000]
negate: 0
occupied_thresh: 0.45
free_thresh: 0.196