image: map412.pgm
resolution: 0.062500
origin: [-77.87427125926622,-44.085719339988636, 0.000000]
negate: 0
occupied_thresh: 0.45
free_thresh: 0.196