image: map410.pgm
resolution: 0.062500
origin: [-78.1256015982766,-44.41278257306149, 0.000000]
negate: 0
occupied_thresh: 0.45
free_thresh: 0.196