image: map4.pgm
resolution: 0.062500
origin: [-60.51267710261811,-47.0939688141456, 0.000000]
negate: 0
occupied_thresh: 0.45
free_thresh: 0.196