image: map46.pgm
resolution: 0.062500
origin: [-78.12602398199363,-44.128537065340765, 0.000000]
negate: 0
occupied_thresh: 0.45
free_thresh: 0.196