image: map52.pgm
resolution: 0.062500
origin: [-78.2006806733253,-44.16910449911197, 0.000000]
negate: 0
occupied_thresh: 0.45
free_thresh: 0.196