image: map51.pgm
resolution: 0.062500
origin: [-78.08087842769449,-44.00209542791874, 0.000000]
negate: 0
occupied_thresh: 0.45
free_thresh: 0.196