image: map50.pgm
resolution: 0.062500
origin: [-78.21586046905415,-44.25597036078298, 0.000000]
negate: 0
occupied_thresh: 0.45
free_thresh: 0.196