image: map58.pgm
resolution: 0.062500
origin: [-78.08645819935754,-44.36181905845966, 0.000000]
negate: 0
occupied_thresh: 0.45
free_thresh: 0.196