image: map56.pgm
resolution: 0.062500
origin: [-56.04863324895351,-47.903070562438046, 0.000000]
negate: 0
occupied_thresh: 0.45
free_thresh: 0.196