image: map53.pgm
resolution: 0.062500
origin: [-65.51369093909692,-46.05906738828571, 0.000000]
negate: 0
occupied_thresh: 0.45
free_thresh: 0.196