image: map57.pgm
resolution: 0.062500
origin: [-78.25581448864745,-43.94754661981539, 0.000000]
negate: 0
occupied_thresh: 0.45
free_thresh: 0.196