image: map54.pgm
resolution: 0.062500
origin: [-78.14877613947976,-44.108668694292355, 0.000000]
negate: 0
occupied_thresh: 0.45
free_thresh: 0.196