image: map5.pgm
resolution: 0.062500
origin: [-64.91571255883584,-46.289900271900365, 0.000000]
negate: 0
occupied_thresh: 0.45
free_thresh: 0.196