image: map62.pgm
resolution: 0.062500
origin: [-78.18840711317083,-44.31294410444545, 0.000000]
negate: 0
occupied_thresh: 0.45
free_thresh: 0.196