image: map6.pgm
resolution: 0.062500
origin: [-59.16773236473125,-47.33261258361141, 0.000000]
negate: 0
occupied_thresh: 0.45
free_thresh: 0.196