image: map60.pgm
resolution: 0.062500
origin: [-63.66320507752021,-46.602729682723854, 0.000000]
negate: 0
occupied_thresh: 0.45
free_thresh: 0.196