image: map69.pgm
resolution: 0.062500
origin: [-78.03061696552525,-44.044653851065874, 0.000000]
negate: 0
occupied_thresh: 0.45
free_thresh: 0.196