image: map63.pgm
resolution: 0.062500
origin: [-78.12623416801519,-44.36744910594003, 0.000000]
negate: 0
occupied_thresh: 0.45
free_thresh: 0.196