image: map64.pgm
resolution: 0.062500
origin: [-78.05092024522497,-44.08754408650109, 0.000000]
negate: 0
occupied_thresh: 0.45
free_thresh: 0.196