image: map73.pgm
resolution: 0.062500
origin: [-54.54291238662424,-48.206241065040174, 0.000000]
negate: 0
occupied_thresh: 0.45
free_thresh: 0.196