image: map75.pgm
resolution: 0.062500
origin: [-78.03874063140688,-43.94631464986612, 0.000000]
negate: 0
occupied_thresh: 0.45
free_thresh: 0.196