image: map79.pgm
resolution: 0.062500
origin: [-59.77701326748785,-47.22021887424654, 0.000000]
negate: 0
occupied_thresh: 0.45
free_thresh: 0.196