image: map74.pgm
resolution: 0.062500
origin: [-54.38544178549004,-48.200182783845214, 0.000000]
negate: 0
occupied_thresh: 0.45
free_thresh: 0.196