image: map71.pgm
resolution: 0.062500
origin: [-77.64343144852182,-43.931501933313015, 0.000000]
negate: 0
occupied_thresh: 0.45
free_thresh: 0.196