image: map78.pgm
resolution: 0.062500
origin: [-54.90117049571366,-48.18248132634142, 0.000000]
negate: 0
occupied_thresh: 0.45
free_thresh: 0.196