image: map86.pgm
resolution: 0.062500
origin: [-77.99244580016368,-44.343213694384715, 0.000000]
negate: 0
occupied_thresh: 0.45
free_thresh: 0.196