image: map80.pgm
resolution: 0.062500
origin: [-78.15500234960098,-44.02522371753573, 0.000000]
negate: 0
occupied_thresh: 0.45
free_thresh: 0.196