image: map88.pgm
resolution: 0.062500
origin: [-77.9851297200779,-44.10039041296035, 0.000000]
negate: 0
occupied_thresh: 0.45
free_thresh: 0.196