image: map87.pgm
resolution: 0.062500
origin: [-61.7684937759213,-46.95955577440585, 0.000000]
negate: 0
occupied_thresh: 0.45
free_thresh: 0.196