image: map81.pgm
resolution: 0.062500
origin: [-78.2396684983442,-44.14339043652541, 0.000000]
negate: 0
occupied_thresh: 0.45
free_thresh: 0.196