image: map9.pgm
resolution: 0.062500
origin: [-78.26118841936461,-43.96777411256008, 0.000000]
negate: 0
occupied_thresh: 0.45
free_thresh: 0.196