image: map99.pgm
resolution: 0.062500
origin: [-77.88416423900522,-44.07520419585061, 0.000000]
negate: 0
occupied_thresh: 0.45
free_thresh: 0.196