image: map96.pgm
resolution: 0.062500
origin: [-78.23423716713467,-43.9933776923716, 0.000000]
negate: 0
occupied_thresh: 0.45
free_thresh: 0.196