image: map92.pgm
resolution: 0.062500
origin: [-78.1781230452437,-44.107947842393415, 0.000000]
negate: 0
occupied_thresh: 0.45
free_thresh: 0.196