image: map95.pgm
resolution: 0.062500
origin: [-78.15262665700637,-44.133261837134, 0.000000]
negate: 0
occupied_thresh: 0.45
free_thresh: 0.196