image: map94.pgm
resolution: 0.062500
origin: [-78.07261298198085,-44.05287895653575, 0.000000]
negate: 0
occupied_thresh: 0.45
free_thresh: 0.196